Timestamp: 1744329156.208827    ID: 18fef200    X Rx                DL:  8    00 ee 00 00 00 00 00 00
Timestamp: 1744329157.608807    ID: 18fef200    X Rx                DL:  8    00 ee 00 00 00 00 00 00
